1, 0, 0 -> 0
1, 0, 1 -> 0
1, 1, 0 -> 0
1, 1, 1 -> 0
2, 0, 0 -> 1
2, 0, 1 -> 1
2, 0, 2 -> 0
2, 1, 0 -> 1
2, 1, 1 -> 1
2, 1, 2 -> 0
2, 2, 0 -> 0
2, 2, 1 -> 0
2, 2, 2 -> 0
3, 0, 0 -> 4
3, 0, 1 -> 5
3, 0, 2 -> 3
3, 0, 3 -> 0
3, 1, 0 -> 5
3, 1, 1 -> 7
3, 1, 2 -> 5
3, 1, 3 -> 0
3, 2, 0 -> 3
3, 2, 1 -> 5
3, 2, 2 -> 4
3, 2, 3 -> 0
3, 3, 0 -> 0
3, 3, 1 -> 0
3, 3, 2 -> 0
3, 3, 3 -> 0
4, 0, 0 -> 14
4, 0, 1 -> 20
4, 0, 2 -> 17
4, 0, 3 -> 7
4, 0, 4 -> 0
4, 1, 0 -> 20
4, 1, 1 -> 32
4, 1, 2 -> 32
4, 1, 3 -> 16
4, 1, 4 -> 0
4, 2, 0 -> 17
4, 2, 1 -> 32
4, 2, 2 -> 38
4, 2, 3 -> 21
4, 2, 4 -> 0
4, 3, 0 -> 7
4, 3, 1 -> 16
4, 3, 2 -> 21
4, 3, 3 -> 9
4, 3, 4 -> 0
4, 4, 0 -> 0
4, 4, 1 -> 0
4, 4, 2 -> 0
4, 4, 3 -> 0
4, 4, 4 -> 0
5, 0, 0 -> 58
5, 0, 1 -> 92
5, 0, 2 -> 95
5, 0, 3 -> 56
5, 0, 4 -> 15
5, 0, 5 -> 0
5, 1, 0 -> 92
5, 1, 1 -> 161
5, 1, 2 -> 188
5, 1, 3 -> 129
5, 1, 4 -> 43
5, 1, 5 -> 0
5, 2, 0 -> 95
5, 2, 1 -> 188
5, 2, 2 -> 248
5, 2, 3 -> 195
5, 2, 4 -> 74
5, 2, 5 -> 0
5, 3, 0 -> 56
5, 3, 1 -> 129
5, 3, 2 -> 195
5, 3, 3 -> 172
5, 3, 4 -> 58
5, 3, 5 -> 0
5, 4, 0 -> 15
5, 4, 1 -> 43
5, 4, 2 -> 74
5, 4, 3 -> 58
5, 4, 4 -> 16
5, 4, 5 -> 0
5, 5, 0 -> 0
5, 5, 1 -> 0
5, 5, 2 -> 0
5, 5, 3 -> 0
5, 5, 4 -> 0
5, 5, 5 -> 0
6, 0, 0 -> 291
6, 0, 1 -> 521
6, 0, 2 -> 635
6, 0, 3 -> 471
6, 0, 4 -> 187
6, 0, 5 -> 31
6, 0, 6 -> 0
6, 1, 0 -> 521
6, 1, 1 -> 1000
6, 1, 2 -> 1322
6, 1, 3 -> 1089
6, 1, 4 -> 502
6, 1, 5 -> 106
6, 1, 6 -> 0
6, 2, 0 -> 635
6, 2, 1 -> 1322
6, 2, 2 -> 1892
6, 2, 3 -> 1704
6, 2, 4 -> 889
6, 2, 5 -> 220
6, 2, 6 -> 0
6, 3, 0 -> 471
6, 3, 1 -> 1089
6, 3, 2 -> 1704
6, 3, 3 -> 1702
6, 3, 4 -> 984
6, 3, 5 -> 240
6, 3, 6 -> 0
6, 4, 0 -> 187
6, 4, 1 -> 502
6, 4, 2 -> 889
6, 4, 3 -> 984
6, 4, 4 -> 565
6, 4, 5 -> 125
6, 4, 6 -> 0
6, 5, 0 -> 31
6, 5, 1 -> 106
6, 5, 2 -> 220
6, 5, 3 -> 240
6, 5, 4 -> 125
6, 5, 5 -> 25
6, 5, 6 -> 0
6, 6, 0 -> 0
6, 6, 1 -> 0
6, 6, 2 -> 0
6, 6, 3 -> 0
6, 6, 4 -> 0
6, 6, 5 -> 0
6, 6, 6 -> 0
