1, 0, 0 -> 1
1, 0, 1 -> 1
1, 1, 0 -> 1
1, 1, 1 -> 1
2, 0, 0 -> 2
2, 0, 1 -> 2
2, 0, 2 -> 1
2, 1, 0 -> 2
2, 1, 1 -> 3
2, 1, 2 -> 2
2, 2, 0 -> 1
2, 2, 1 -> 2
2, 2, 2 -> 1
3, 0, 0 -> 5
3, 0, 1 -> 6
3, 0, 2 -> 4
3, 0, 3 -> 1
3, 1, 0 -> 6
3, 1, 1 -> 9
3, 1, 2 -> 8
3, 1, 3 -> 3
3, 2, 0 -> 4
3, 2, 1 -> 8
3, 2, 2 -> 9
3, 2, 3 -> 3
3, 3, 0 -> 1
3, 3, 1 -> 3
3, 3, 2 -> 3
3, 3, 3 -> 1
4, 0, 0 -> 16
4, 0, 1 -> 22
4, 0, 2 -> 19
4, 0, 3 -> 8
4, 0, 4 -> 1
4, 1, 0 -> 22
4, 1, 1 -> 36
4, 1, 2 -> 37
4, 1, 3 -> 20
4, 1, 4 -> 4
4, 2, 0 -> 19
4, 2, 1 -> 37
4, 2, 2 -> 45
4, 2, 3 -> 30
4, 2, 4 -> 6
4, 3, 0 -> 8
4, 3, 1 -> 20
4, 3, 2 -> 30
4, 3, 3 -> 19
4, 3, 4 -> 4
4, 4, 0 -> 1
4, 4, 1 -> 4
4, 4, 2 -> 6
4, 4, 3 -> 4
4, 4, 4 -> 1
5, 0, 0 -> 63
5, 0, 1 -> 101
5, 0, 2 -> 106
5, 0, 3 -> 62
5, 0, 4 -> 16
5, 0, 5 -> 1
5, 1, 0 -> 101
5, 1, 1 -> 180
5, 1, 2 -> 214
5, 1, 3 -> 146
5, 1, 4 -> 48
5, 1, 5 -> 5
5, 2, 0 -> 106
5, 2, 1 -> 214
5, 2, 2 -> 281
5, 2, 3 -> 220
5, 2, 4 -> 88
5, 2, 5 -> 10
5, 3, 0 -> 62
5, 3, 1 -> 146
5, 3, 2 -> 220
5, 3, 3 -> 198
5, 3, 4 -> 80
5, 3, 5 -> 10
5, 4, 0 -> 16
5, 4, 1 -> 48
5, 4, 2 -> 88
5, 4, 3 -> 80
5, 4, 4 -> 33
5, 4, 5 -> 5
5, 5, 0 -> 1
5, 5, 1 -> 5
5, 5, 2 -> 10
5, 5, 3 -> 10
5, 5, 4 -> 5
5, 5, 5 -> 1
6, 0, 0 -> 313
6, 0, 1 -> 565
6, 0, 2 -> 703
6, 0, 3 -> 523
6, 0, 4 -> 205
6, 0, 5 -> 32
6, 0, 6 -> 1
6, 1, 0 -> 565
6, 1, 1 -> 1104
6, 1, 2 -> 1493
6, 1, 3 -> 1235
6, 1, 4 -> 561
6, 1, 5 -> 112
6, 1, 6 -> 6
6, 2, 0 -> 703
6, 2, 1 -> 1493
6, 2, 2 -> 2146
6, 2, 3 -> 1931
6, 2, 4 -> 993
6, 2, 5 -> 240
6, 2, 6 -> 15
6, 3, 0 -> 523
6, 3, 1 -> 1235
6, 3, 2 -> 1931
6, 3, 3 -> 1911
6, 3, 4 -> 1092
6, 3, 5 -> 280
6, 3, 6 -> 20
6, 4, 0 -> 205
6, 4, 1 -> 561
6, 4, 2 -> 993
6, 4, 3 -> 1092
6, 4, 4 -> 644
6, 4, 5 -> 170
6, 4, 6 -> 15
6, 5, 0 -> 32
6, 5, 1 -> 112
6, 5, 2 -> 240
6, 5, 3 -> 280
6, 5, 4 -> 170
6, 5, 5 -> 51
6, 5, 6 -> 6
6, 6, 0 -> 1
6, 6, 1 -> 6
6, 6, 2 -> 15
6, 6, 3 -> 20
6, 6, 4 -> 15
6, 6, 5 -> 6
6, 6, 6 -> 1
