1, 0, 0 -> 1
1, 0, 1 -> 1
1, 1, 0 -> 1
1, 1, 1 -> 1
2, 0, 0 -> 2
2, 0, 1 -> 2
2, 0, 2 -> 1
2, 1, 0 -> 2
2, 1, 1 -> 3
2, 1, 2 -> 2
2, 2, 0 -> 1
2, 2, 1 -> 2
2, 2, 2 -> 2
3, 0, 0 -> 5
3, 0, 1 -> 6
3, 0, 2 -> 4
3, 0, 3 -> 1
3, 1, 0 -> 6
3, 1, 1 -> 9
3, 1, 2 -> 8
3, 1, 3 -> 3
3, 2, 0 -> 4
3, 2, 1 -> 8
3, 2, 2 -> 10
3, 2, 3 -> 6
3, 3, 0 -> 1
3, 3, 1 -> 3
3, 3, 2 -> 6
3, 3, 3 -> 6
4, 0, 0 -> 16
4, 0, 1 -> 22
4, 0, 2 -> 19
4, 0, 3 -> 8
4, 0, 4 -> 1
4, 1, 0 -> 22
4, 1, 1 -> 36
4, 1, 2 -> 37
4, 1, 3 -> 20
4, 1, 4 -> 4
4, 2, 0 -> 19
4, 2, 1 -> 37
4, 2, 2 -> 48
4, 2, 3 -> 36
4, 2, 4 -> 12
4, 3, 0 -> 8
4, 3, 1 -> 20
4, 3, 2 -> 36
4, 3, 3 -> 42
4, 3, 4 -> 24
4, 4, 0 -> 1
4, 4, 1 -> 4
4, 4, 2 -> 12
4, 4, 3 -> 24
4, 4, 4 -> 24
5, 0, 0 -> 63
5, 0, 1 -> 101
5, 0, 2 -> 106
5, 0, 3 -> 63
5, 0, 4 -> 16
5, 0, 5 -> 1
5, 1, 0 -> 101
5, 1, 1 -> 180
5, 1, 2 -> 214
5, 1, 3 -> 148
5, 1, 4 -> 48
5, 1, 5 -> 5
5, 2, 0 -> 106
5, 2, 1 -> 214
5, 2, 2 -> 295
5, 2, 3 -> 250
5, 2, 4 -> 112
5, 2, 5 -> 20
5, 3, 0 -> 63
5, 3, 1 -> 148
5, 3, 2 -> 250
5, 3, 3 -> 282
5, 3, 4 -> 192
5, 3, 5 -> 60
5, 4, 0 -> 16
5, 4, 1 -> 48
5, 4, 2 -> 112
5, 4, 3 -> 192
5, 4, 4 -> 216
5, 4, 5 -> 120
5, 5, 0 -> 1
5, 5, 1 -> 5
5, 5, 2 -> 20
5, 5, 3 -> 60
5, 5, 4 -> 120
5, 5, 5 -> 120
