1, 0, 0 -> 1
1, 0, 1 -> 1
1, 1, 0 -> 1
1, 1, 1 -> 1
2, 0, 0 -> 2
2, 0, 1 -> 2
2, 0, 2 -> 1
2, 1, 0 -> 2
2, 1, 1 -> 3
2, 1, 2 -> 2
2, 2, 0 -> 1
2, 2, 1 -> 2
2, 2, 2 -> 1
3, 0, 0 -> 5
3, 0, 1 -> 6
3, 0, 2 -> 4
3, 0, 3 -> 1
3, 1, 0 -> 6
3, 1, 1 -> 9
3, 1, 2 -> 8
3, 1, 3 -> 3
3, 2, 0 -> 4
3, 2, 1 -> 8
3, 2, 2 -> 9
3, 2, 3 -> 3
3, 3, 0 -> 1
3, 3, 1 -> 3
3, 3, 2 -> 3
3, 3, 3 -> 1
4, 0, 0 -> 15
4, 0, 1 -> 21
4, 0, 2 -> 18
4, 0, 3 -> 8
4, 0, 4 -> 1
4, 1, 0 -> 21
4, 1, 1 -> 34
4, 1, 2 -> 35
4, 1, 3 -> 20
4, 1, 4 -> 4
4, 2, 0 -> 18
4, 2, 1 -> 35
4, 2, 2 -> 44
4, 2, 3 -> 30
4, 2, 4 -> 6
4, 3, 0 -> 8
4, 3, 1 -> 20
4, 3, 2 -> 30
4, 3, 3 -> 19
4, 3, 4 -> 4
4, 4, 0 -> 1
4, 4, 1 -> 4
4, 4, 2 -> 6
4, 4, 3 -> 4
4, 4, 4 -> 1
5, 0, 0 -> 59
5, 0, 1 -> 93
5, 0, 2 -> 96
5, 0, 3 -> 57
5, 0, 4 -> 16
5, 0, 5 -> 1
5, 1, 0 -> 93
5, 1, 1 -> 163
5, 1, 2 -> 191
5, 1, 3 -> 133
5, 1, 4 -> 48
5, 1, 5 -> 5
5, 2, 0 -> 96
5, 2, 1 -> 191
5, 2, 2 -> 254
5, 2, 3 -> 205
5, 2, 4 -> 88
5, 2, 5 -> 10
5, 3, 0 -> 57
5, 3, 1 -> 133
5, 3, 2 -> 205
5, 3, 3 -> 191
5, 3, 4 -> 80
5, 3, 5 -> 10
5, 4, 0 -> 16
5, 4, 1 -> 48
5, 4, 2 -> 88
5, 4, 3 -> 80
5, 4, 4 -> 33
5, 4, 5 -> 5
5, 5, 0 -> 1
5, 5, 1 -> 5
5, 5, 2 -> 10
5, 5, 3 -> 10
5, 5, 4 -> 5
5, 5, 5 -> 1
6, 0, 0 -> 292
6, 0, 1 -> 522
6, 0, 2 -> 636
6, 0, 3 -> 472
6, 0, 4 -> 188
6, 0, 5 -> 32
6, 0, 6 -> 1
6, 1, 0 -> 522
6, 1, 1 -> 1002
6, 1, 2 -> 1325
6, 1, 3 -> 1093
6, 1, 4 -> 507
6, 1, 5 -> 112
6, 1, 6 -> 6
6, 2, 0 -> 636
6, 2, 1 -> 1325
6, 2, 2 -> 1898
6, 2, 3 -> 1714
6, 2, 4 -> 904
6, 2, 5 -> 240
6, 2, 6 -> 15
6, 3, 0 -> 472
6, 3, 1 -> 1093
6, 3, 2 -> 1714
6, 3, 3 -> 1722
6, 3, 4 -> 1018
6, 3, 5 -> 280
6, 3, 6 -> 20
6, 4, 0 -> 188
6, 4, 1 -> 507
6, 4, 2 -> 904
6, 4, 3 -> 1018
6, 4, 4 -> 618
6, 4, 5 -> 170
6, 4, 6 -> 15
6, 5, 0 -> 32
6, 5, 1 -> 112
6, 5, 2 -> 240
6, 5, 3 -> 280
6, 5, 4 -> 170
6, 5, 5 -> 51
6, 5, 6 -> 6
6, 6, 0 -> 1
6, 6, 1 -> 6
6, 6, 2 -> 15
6, 6, 3 -> 20
6, 6, 4 -> 15
6, 6, 5 -> 6
6, 6, 6 -> 1
